3.93996474147
3.94678217173
3.95746019483
3.97275540233
3.99248701334
4.01591527462
4.04109227657
4.06617629528
4.08757150173
4.10394152999
4.11573678255
4.12348604202
4.1272611022
4.12637901306
4.12546908855
3.93182426691
3.9318202436
3.93182894588
3.93183103204
3.93182882667
3.93187314272
3.93196067214
3.93204313517
3.93221729994
3.93264976144
3.93350920081
3.93488007784
3.93590185046
3.93573385477
3.93192833662
3.93207520247
3.93225756288
3.93251988292
3.93284165859
3.93326789141
3.9338259995
3.93465006351
3.93579015136
3.93725907803
3.93898612261
3.94078490138
3.94219595194
3.94540250301
3.9503583014
3.95964354277
3.97048962116
3.9864499867
4.00321167707
4.02449244261
4.04977431893
4.07224458456
4.09633597732
4.11741393805
4.13652953506
4.15504315495
4.16707131267
4.17549499869
4.18316683173
4.18664228916
4.18753254414
4.18852201104
4.19035452604
4.18691378832
4.18701690435
4.18742355704
4.1826583147
4.18728473783
4.1843970716
4.18347412348
4.17932605743
4.17793270946
4.17875611782
4.17743015289
4.17482438684
4.17299348116
4.16872137785
4.16971588135
4.16572827101
4.16159191728
4.16053265333
4.15688297153
4.15286713839
4.14939638972
4.15076738596
4.14455398917
4.14483588934
4.1411151886
4.13669487834
4.13422986865
4.13517826796
4.12949222326
4.12933418155
4.12783408165
4.13088929653
4.12831515074
4.12709736824
4.12224003673
4.12006601691
3.93172860146
3.93163251877
3.93153738976
3.93144190311
3.93134748936
3.93125450611
3.93115949631
3.93106484413
3.9309694767
3.93087387085
3.93077754974
3.93068146706
3.93058657646
3.93049144745
3.93039727211
3.93035030365
3.93025386333
3.93015921116
3.93006384373
3.9299684763
3.92987215519
3.92977547646
3.92967748642
3.92958188057
3.92948389053
3.92938315868
3.92928421497
3.92918539047
3.92908263206
3.92898511887
3.92888510227
3.92878437042
3.92868101597
3.9285774231
3.92847645283
3.92837142944
3.9282668829
3.92815959454
3.92805039883
3.92794156075
3.92783296108
3.92772495747
3.92761564255
3.92750489712
3.92733442783
3.92721748352
3.9270991087
3.92697668076
3.92685735226
3.92673325539
3.92661237717
3.92648935318
3.92636322975
3.92624092102
3.92611193657
3.92598164082
3.92585158348
3.92571926117
3.92558598518
3.92544448376
3.92531049252
3.92516851425
3.92502307892
3.92488050461
3.92473137379
3.92458665371
3.92443859577
3.92428898811
3.9241476059
3.92392778397
3.92377591133
3.9236228466
3.92346966267
3.92333090305
3.92318677902
3.92303419113
3.92288184166
3.92272591591
3.92256343365
3.92239964008
3.92222034931
3.92203605175
3.92185282707
3.92166852951
3.92147564888
3.92128312588
3.92108845711
3.92088770866
3.92068552971
3.92050421238
3.92032003403
3.92013382912
3.91994345188
3.91973865032
3.91952526569
3.91933512688
3.91914892197
3.91894352436
3.91878092289
3.9186552763
3.91851401329
3.91839087009
3.91831338406
3.91827464104
3.91823744774
3.91824185848
3.91817712784
3.91811287403
3.91805827618
3.9179224968
3.91778576374
3.91762387753
3.91740572453
3.91718995571
3.91705918312
3.91693782806
3.91676843166
3.91659295559
3.91638994217
3.91613233089
3.91575562954
3.91544544697
3.91513681412
3.91496622562
3.91482520103
3.91461741924
3.91432499886
3.91408479214
3.91398096085
3.91369724274
3.91326928139
3.91272604465
3.91233181953
3.91198015213
3.91177153587
3.91160464287
3.91146814823
3.91142225266
3.91140055656
3.91159772873
3.91192936897
3.91232359409
3.91261911392
3.91290903091
3.91306185722
3.91346549988
3.91398179531
3.91464340687
3.91526854038
3.91597020626
3.91681039333
3.91777932644
3.9187425375
3.91978573799
3.92080044746
3.92167806625
3.92272233963
3.92381846905
3.92495667934
3.92590117455
3.92690873146
3.92792141438
3.92901134491
3.93005764484
3.93120205402
3.93185043335
3.93327665329
3.93467009068
3.93605279922
3.93741250038
3.93863761425
3.93986856937
3.94116353989
3.94248890877
3.94372093678
3.94511771202
3.94618785381
3.9473156929
3.94852876663
3.94957220554
3.95080161095
3.9521009922
3.95343017578
3.95476031303
3.95584475994
3.95713925362
3.95848584175
3.95971775055
3.96105909348
3.96216952801
3.96339833736
3.96413719654
3.96532988548
3.96647071838
3.96763157845
3.96840155125
3.96906340122
3.97032606602
3.97133874893
3.97242891788
3.97325646877
3.97400581837
3.97474145889
3.97528290749
3.97578704357
3.97646808624
3.97686076164
3.97747313976
3.9780163765
3.97852933407
3.97858536243
3.97906661034
3.97935903072
3.98013997078
3.98060083389
3.98090326786
3.98119449615
3.98159098625
3.98184227943
3.98187434673
3.98236680031
3.98285698891
3.9832611084
3.9835152626
3.98401558399
3.98433256149
4.11020517349
4.1107544899
4.11085915565
4.11043930054
4.11042332649
4.10994672775
4.10981035233
4.10997629166
4.11009883881
4.11008810997
4.11019396782
4.10988807678
4.10964989662
4.10968494415
4.10960412025
4.10961174965
4.10946130753
4.1095457077
4.10969734192
4.1095790863
4.10923814774
4.10903406143
4.10877656937
4.10854721069
4.10816216469
4.10767269135
4.10772824287
4.10731554031
4.10703825951
4.10653853416
4.10661435127
4.10637259483
4.10617542267
4.10620379448
4.10601329803
4.10567259789
4.10539865494
4.10429477692
4.10393929482
4.1032166481
4.10244894028
4.10237073898
4.10186219215
4.10170388222
4.10131931305
4.10156297684
4.10108613968
4.10080909729
4.10072255135
4.10065293312
4.10060310364
4.10049009323
4.10032987595
4.09984254837
4.09954357147
4.09937334061
4.09899020195
4.09841799736
4.0980348587
4.09773015976
4.09731006622
4.09694576263
4.09687232971
4.09681034088
4.09628129005
4.0963549614
4.09579157829
4.09547567368
4.09486913681
4.09468865395
4.09456205368
4.09416913986
4.09344315529
4.09302330017
4.09283876419
4.09260845184
4.0921587944
4.0917596817
4.09146523476
4.09148550034
4.09146475792
4.0914888382
4.09129714966
4.09080982208
4.09038615227
4.09018492699
4.08959674835
4.0888812542
4.08832597733
4.08798265457
4.0875916481
4.08744001389
4.08693575859
4.08622193336
4.08563995361
4.08512115479
4.08449983597
4.08410620689
4.0838124752
4.08385443687
4.08378624916
4.08341550827
4.08340334892
4.08314061165
4.08279132843
4.08294916153
4.08258152008
4.08190369606
4.08118462563
4.0806491375
4.07983112335
4.07878804207
4.07812070847
4.07758784294
4.07739686966
4.07698893547
4.07662200928
4.07634568214
4.07643818855
4.07610058784
4.07577180862
4.07540845871
4.07509207726
4.07497787476
4.07452249527
4.07404303551
4.07329297066
4.07290863991
4.07227826118
4.07176589966
4.07119274139
4.07089686394
4.07078385353
4.07014894485
4.06975269318
4.06933665276
4.06900072098
4.06826353073
4.06787157059
4.06757116318
4.06734704971
4.06731414795
4.06716442108
4.06670975685
4.06660437584
4.06664776802
4.06655836105
4.06612110138
4.06611967087
4.06572341919
4.06557059288
4.06530594826
4.06503009796
4.0645673275
4.06439208984
4.06380367279
4.06332755089
4.06291389465
4.06204032898
4.06116461754
4.06055474281
4.06009554863
4.05960416794
4.05913186073
4.05881047249
4.05822086334
4.05743837357
4.05706882477
4.05690002441
4.056899786
4.05688905716
4.05665183067
4.05646085739
4.05600190163
4.05562973022
4.05547380447
4.05542516708
4.05505895615
4.05457448959
4.05391907692
4.05349588394
4.05320525169
4.05274009705
4.05247187614
4.05237841606
4.0519952774
4.0516064167
4.05154561996
4.05151987076
4.05134177208
4.05112338066
4.05073690414
4.05038547516
4.05035924911
4.05021905899
4.04976630211
4.04912853241
4.04869365692
4.04828238487
4.04806160927
4.04766011238
4.04723215103
4.04728031158
4.04728651047
4.04679870605
4.04679965973
4.04629158974
4.04589939117
4.0454390049
4.04541754723
4.04502153397
4.04494595528
4.04472756386
4.04473161697
4.0446460247
4.04438352585
4.04418945312
4.04392266273
4.04390287399
4.04365253448
4.04328155518
4.04319930077
4.04360342026
4.04338049889
4.04321789742
4.01182723045
4.01173686981
4.01188588142
4.01159358025
4.01133990288
4.01100707054
4.01088094711
4.01052951813
4.01018738747
4.00976443291
4.00919222832
4.00852656364
4.00818729401
4.00804877281
4.00759291649
4.00753867626
4.00762963295
4.00762975216
4.00770926476
4.00761628151
4.00738835335
4.00750827789
4.00746810436
4.00748610497
4.00747942924
4.00724339485
4.00685977936
4.00663280487
4.00653660297
4.00659167767
4.00644946098
4.0062110424
4.00607156754
4.00604045391
4.00578534603
4.00539255142
4.00474584103
4.00451219082
4.00434279442
4.00400769711
4.0037484169
4.00337100029
4.00330364704
4.00306296349
4.0027743578
4.00265491009
4.00246739388
4.00228619576
4.00206518173
4.00203871727
4.00194859505
4.0019402504
4.00194525719
4.00177645683
4.00134122372
4.00101280212
4.00067615509
4.00063610077
4.00052213669
4.00021839142
4.00032770634
4.00005209446
3.9996958971
3.9997625351
3.99928987026
3.99887645245
3.9983317852
3.99774646759
3.99749946594
3.99711573124
3.99654972553
3.99626433849
3.99603152275
3.99561464787
3.99540138245
3.99509882927
3.99491357803
3.9947450161
3.99456238747
3.99449253082
3.99457716942
3.99429929256
3.99395751953
3.99360990524
3.99334919453
3.99320089817
3.99297106266
3.99280333519
3.99256801605
3.99243569374
3.99221503735
3.99218177795
3.99204742908
3.99172115326
3.99178433418
3.99179029465
3.99174523354
3.99150061607
3.99146187305
3.99118626118
3.99097919464
3.99073731899
3.99057888985
3.99055635929
3.99067473412
3.99047732353
3.99041819572
3.99053072929
3.99030649662
3.99038720131
3.99030172825
3.99033761024
3.99005877972
3.9897056818
3.98951101303
3.98919773102
3.98884439468
3.98848986626
3.98813867569
3.98781692982
3.98734807968
3.98722600937
3.98698437214
3.98712074757
3.98711013794
3.98690629005
3.98710560799
3.9867374897
3.98651766777
3.98632597923
3.98610377312
3.98580050468
3.98561608791
3.98516190052
3.98479199409
3.98433411121
3.98400068283
3.98369145393
3.98328864574
3.98311305046
3.98274791241
3.9824244976
3.98212087154
3.98170387745
3.98152852058
3.98159348965
3.98156893253
3.98139810562
3.9812463522
3.98132574558
3.98130738735
3.98123681545
3.9810757637
3.9807946682
3.98058652878
3.98049354553
3.98049902916
3.98051905632
3.98022675514
3.97995173931
3.97990655899
3.97961914539
3.97944700718
3.97911250591
3.97908401489
3.97886145115
3.9786362648
3.97831606865
3.97815203667
3.97782170773
3.9777162075
3.97734439373
3.97732746601
3.97711610794
3.97703325748
3.97680699825
3.97668361664
3.97654604912
3.97611308098
3.97589612007
3.97572565079
3.97579479218
3.97558176517
3.97557854652
3.97536432743
3.97506904602
3.97476530075
3.97494673729
3.97487962246
3.97503197193
3.97500729561
3.97497260571
3.97496283054
3.97488832474
3.97472834587
3.97469544411
3.97457051277
3.97430217266
3.97389960289
3.97364294529
3.97360730171
3.9736969471
3.9734865427
3.97315227985
3.97285032272
3.9723007679
3.97168111801
3.97140240669
3.97118616104
3.97102189064
3.97078609467
3.97074782848
3.97091972828
3.97093093395
3.97099971771
3.97104203701
3.97115135193
3.97133922577
3.97141075134
3.97143137455
3.9713357687
3.97122919559
3.97099399567
3.97095274925
3.97069382668
3.97046232224
3.9675090313
3.96738541126
3.96715080738
3.96695780754
3.96673238277
3.96656596661
3.96627998352
3.96605491638
3.96599447727
3.9658408165
3.96575689316
3.96585023403
3.9659280777
3.96602010727
3.966340065
3.96643519402
3.9664375782
3.96659219265
3.96635830402
3.96633505821
3.96658921242
3.96669864655
3.96683549881
3.96673512459
3.9666030407
3.96638631821
3.96639227867
3.96646893024
3.96657955647
3.96690106392
3.96676182747
3.9666570425
3.966755867
3.96658861637
3.96662974358
3.9665800333
3.96647822857
3.96643722057
3.96631908417
3.96601343155
3.96598172188
3.9658280611
3.96555614471
3.96564912796
3.96550905704
